USB_camera--------------------------------------------------------------

camera matrix
343.653056 0.000000 312.626856
0.000000 332.701794 239.499934
0.000000 0.000000 1.000000

distortion
0.029842 -0.047158 0.004049 -0.000400 0.000000


camera matrix
350.869108 0.000000 308.248227
0.000000 341.816033 229.473291
0.000000 0.000000 1.000000

distortion
-0.006030 -0.022676 -0.006742 0.006658 0.000000


gimbal_camera--------------------------------------------------垂直
camera matrix
1256.446682 0.000000 380.244123
0.000000 1228.849784 184.104571
0.000000 0.000000 1.000000

distortion
-0.299219 0.399848 -0.012290 -0.023983 0.000000
----------------------------

camera matrix
976.457392 0.000000 420.249789
0.000000 986.141741 156.705714
0.000000 0.000000 1.000000

distortion
-0.356520 0.679585 0.019559 0.008607 0.000000

----------------------
camera matrix
949.334947 0.000000 326.850607
0.000000 947.109280 101.632786
0.000000 0.000000 1.000000

distortion
-0.211349 0.022145 0.020939 -0.005213 0.000000

--------------
camera matrix
999.415217 0.000000 345.417702
0.000000 982.455866 109.506652
0.000000 0.000000 1.000000

distortion
-0.309151 0.357077 0.030146 -0.007506 0.000000


--------------------------------------相机不动目标东-----------------------------------------------
camera matrix
837.345302 0.000000 350.562867
0.000000 865.307557 222.931301
0.000000 0.000000 1.000000

distortion
-0.204188 0.345432 0.007499 0.005674 0.000000
--------------------------------------------
camera matrix
913.961676 0.000000 372.172197
0.000000 927.868212 217.543106
0.000000 0.000000 1.000000

distortion
-0.216357 0.502966 0.012480 0.017866 0.000000

--------------------------------------------



gimbal_camera-------------------------------------------------水平

camera matrix
849.902809 0.000000 339.231221
0.000000 820.347825 206.627325
0.000000 0.000000 1.000000

distortion
-0.248435 0.355316 0.000530 -0.001457 0.000000

-----------------------------
camera matrix
814.561348 0.000000 313.902629
0.000000 784.203806 203.288844
0.000000 0.000000 1.000000

distortion
-0.247206 0.168779 0.003152 -0.000467 0.000000

-------------------------------
camera matrix
846.543127 0.000000 340.909528
0.000000 815.679582 200.923952
0.000000 0.000000 1.000000

distortion
-0.218570 0.269082 0.002644 0.006305 0.000000









